%YAML:1.0
CameraMat: !!opencv-matrix
  rows: 3
  cols: 3
  dt: d
  data: [1241.94453884 ,   0.    ,   612.647818990,
         0.0     , 1241.33924307  ,  497.307944600,
          0, 0, 1]

DistCoeffs: !!opencv-matrix
  rows: 4
  cols: 1
  dt: d
  data: [ -0.10748225 , 0.15892234, -0.00012097, -0.00048209  ]

Camera.width: 1224
Camera.height: 1024

ExtrinsicMat: !!opencv-matrix
  rows: 4
  cols: 4
  dt: d
  data: [  0.00273551, -0.9998800,  -0.0152252, -0.00586973,
          -0.0062709,   0.0152078,  -0.999865,  0.0523944 ,
           0.9999770,   0.00283062, -0.00622855 , -0.0794429,
                   0 ,          0 ,          0 ,          1]
  # data: [  0.0 ,  -1.0 , -0.0 , 0.0, 
  #          0.0 ,   0.0 , -1.0 , 0.0,
  #          1.0 ,   0.0 ,  0.0 , 0.0,
  #         0 ,          0 ,          0 ,  1]